026361000
026362163
026386925
026392356
026397765
026399458
026402696
026405733
026408503
026445158
026551586
026555425
026562154
026564122
026612119
026623153
027214532
027214737
027214885
027215024
027215148
027259056
027303160
027309509
027338290
027348687
027356523
027613984
027688259
027904512
028031407
028676491
028718992
028867378
028879406
028925440
029016169
029113539
029359139
029977525
030007135
030720737
030958296
031557104
031829368
031837700
032028636
032486324
032517785
032718837
032725965
033381186
050154788
050705253
060763477
061500666
066969816
067079504
070529469
074146653
074643762
075237601
077337387
078532817
078607973
078613809
078617871
078618673
078618746
078618932
078619378
078974275
078974720
079460798
079490913
080491863
080491979
080493165
080493556
080493696
080494617
080494757
080495591
080539769
080539785
080564054
080667929
080667937
080715176
080808948
080853269
080853277
080853420
080853641
082303878
082676917
084271167
084287195
084289368
085676683
086263749
086265458
087453223
088521664
095208593
126776466
130156523
131024027
138736421
147297028
148937330
148938809
151777586
153425792
156252465
156479087
156479354
156598124
157249301
157292622
157332225
157334031
157466302
157466337
157466426
158680316
158966538
158966562
160133629
160134897
163760322
169329518
170149072
172222559
172225108
172225272
181229579
181230488
191651044
194129195
194129519
194129934
196915937
224790218
225594188
227242106
02639507X
02643413X
02650135X
02721561X
02864199X
03205064X
03212645X
03282808X
03361122X
03508507X
05967377X
07860639X
09515440X
15625249X
16013188X
19712237X