027269604
027271366
027272141
027272524
027272648
027272745
027272958
027273229
027273377
027273792
027273806
027273881
027281647
027285251
027285898
027285928
02728638X
027287068
027287386
02731202X
027396797
027405176
027561240
028147685
02850223X
02863506X
028991141
029946913
030032520
03047065X
030838800
030911516
030951763
031129439
031145701
031451241
032614004
032821301
033141142
033161771
033314438
033545561
033799172
03412988X
034563504
034759220
03487478X
035144246
035520582
035587660
050228757
050349597
052211304
052564657
05260571X
053503686
055323405
055766439
060605200
061424749
066863406
066912075
068917708
06929027X
078054885
07909712X
079098479
079494285
080757677
081258798
081711611
084670002
085649732
085669652
086320866
086451200
086451456
086451669
086454358
086926985
088552314
091982960
094946345
109570677
112274412
115456570
121852741
124353649
124625282
132158914
134350871
135574498
145651053
148757383
162803303
168644401
170007111
178117021
178117188
178386162
178474835
180112767
180444085
181086875
181866862
183082257
183377575
18386879X
194050416
200234226
231718101