027226794
027230317
027235408
027235947
027238687
027244520
027246426
027249530
027250342
027250679
027251411
027251462
027252051
02726145X
027262987
027294595
027309444
02731331X
02733192X
027343847
027349780
027350843
027366243
027375463
027377849
027407969
027428095
027434729
027486745
027487180
02749358X
027506959
027507548
027523942
027528073
02752809X
027552268
027576043
027579808
027603040
02763857X
027712966
027787885
027812723
028525671
028635124
029089255
029199174
029556961
029662753
029711800
029805287
029886996
031086586
031415687
031433480
032502826
032884826
032984057
033136068
033533709
035211326
035747161
050169602
050425935
07002409X
072312548
073385115
073753629
076131378
078608619
078614910
078616115
080489591
124144039
129713759
134426282
140609040
159210593
159323215
185089992
190064951
22221905X
223806994
026360608
026378329
02639507X
026401606
027218856
027224406
027252515
027401766
027418537
027427536
028045564
030398703
098627236
124748740
15000964X
156896079
027230422
027243001
027245128
027250407
027250660
02725089X
027251772
027252418
027255077
027263614
027263827
027263835
02726453X
027277372
027285049
027298728
027318818
02733726X
027358828
027370143
02737369X
027375293
027377261
027401480
027406601
027418308
027419053
02742751X
027449165
027450325
027463443
027472906
027490491
027494438
027521923
027548015
027568598
027569780
027569950
027595927
027603016
027603865
027617424
027617475
027622525
027640337
02771764X
027771350
028139798
028238605
029786797
029943876
066838436
068949952
08696903X
11729229X
120924927
130674966
151786771
153092815
165410272
181415003
197364012
201593386
230210880
