026654989
026656310
026670488
026685248
026687836
026689073
026694816
026708426
026726920
026757613
026773384
026782723
026811324
026859297
026866552
026868814
026870290
026884410
026892502
026893061
026936526
026943611
026946491
026957280
026983230
026995255
027001830
027008614
027016854
027028828
027032817
027043983
027055752
027059456
027064581
027082512
027089215
027102688
027113310
027123227
027136086
027151786
027153347
027164918
027178447
027180387
027192334
027203786
027208362
027209040
027324664
027324885
027328848
027369293
027385116
027405168
027405222
027500845
027543218
027593118
028019369
028048903
028098552
028104773
028128079
028147669
028188012
028254724
028293053
028316355
028320433
028539397
028603168
028607090
028633342
028635345
028710355
028732642
028804899
028811968
028826647
028871294
028887670
028887719
028909518
028963563
028996755
029088720
029185750
029305144
029444179
029444233
029445590
029457076
029496462
029553652
029652383
029831954
030124417
030317444
030449189
030588529
030666953
030767660
031494544
031708579
031721311
031880568
031885489
032208243
032371233
032429436
032604645
033130825
033538530
033575258
033662827
033830622
034197427
034724761
035006676
035034890
035190272
035421002
050222937
058476547
058661492
058991611
059256559
059919639
060590920
060721782
060835532
060839228
061404691
061792179
066510244
071036032
071342966
072398477
073913073
073993395
074016350
076004961
076006778
077441125
077445252
077720512
077720849
077720857
077721896
078047285
078052653
078062322
078077079
078077117
078091063
078194318
078532183
078532809
078617065
078617073
078617731
078617936
078618126
078619351
078619394
078619610
078619688
078770947
078974348
078996376
079000037
079180701
079206247
079206298
079207200
079460534
079460704
079833799
079964060
080007090
080012477
080020267
080083501
080217834
080492452
080493076
080493327
080493351
080493718
080493734
080493742
080493750
080493769
080493777
080493785
080493793
080494129
080494943
080494951
080494978
080495400
080539173
080564151
080667538
080668437
080733778
080757375
080757774
080783112
080785522
080785735
080808999
080826989
080852351
081018134
081222742
081222750
081222777
081260458
081261020
081849249
082303932
082303983
082304718
082333297
082334722
082686262
083049339
083209441
083488227
083974776
084053623
084271450
084271922
084272325
084289902
085102318
085647624
085648736
085648833
085649228
085649910
085676675
085796662
086950029
086950452
087451824
087453215
087678853
087885670
089893913
094538387
097716340
103781196
103781447
104551836
110513819
112234364
112613101
115001093
115995919
120753812
121941094
129778303
136490573
136490638
140809228
143409662
143475088
144232197
144421550
149489633
153428422
153471239
156252430
156324229
156456141
156479346
156479362
156598116
156598132
156598140
156624923
156625342
156754630
156838893
156839288
156843498
156955121
157249263
157337286
157466299
157466329
157466434
157466442
158167570
158431332
158680324
158680332
158680340
158680375
158966503
158966554
158966570
158966643
158966791
161101550
161530591
161595480
161777481
163250170
164277749
164605770
165547960
168728877
169593762
174332793
174366744
174973799
175711844
178555762
178839949
181070456
181698811
182273660
184092590
185626599
185951457
186422008
194281108
197531938
204225426
225535041
225573288
225657015
225792591
225829983
225857022
227487788
228960681
229633188
230859399
231138164
233520821
234340142
02670305X
02672314X
02674404X
02674869X
02680445X
02687699X
02691946X
02693583X
02700483X
02712200X
02716490X
02727263X
02737470X
02793151X
02844955X
02882668X
03376879X
03463620X
05859194X
05991551X
07046037X
07744163X
07853190X
07877098X
07897433X
07897450X
07946078X
08049496X
08053919X
08085284X
08230467X
08300565X
08614586X
08692835X
09561804X
10106621X
11568588X
14380796X
14823691X
15200419X
16162040X
